11111100001110000100111101011000
01100000100101110111111011000001
00011101101010001000110101010111
11100100111010011100100111010011
01000101001101001011000011000001
10100001101011111010100110101010
10001101011110001001001110001101
11011110110100110110110110111001
10011111100010101101000000001010
01111001101010011110111001010000
10100000000001000011100101100001
00011010100000001101100111001001
00100110111010001101110110100011
10011101111000110001111100001001
11000110001000010101100110111001
01010110010001000001001100110000
10011101111100111111011011010111
10011101000001010101110111011111
00001010111101010110111000010101
11000110010111101010000110100101
00000010001001101011010010100001
11011101000011010100010110100000
10000010100100100001110000000000
10101010101101111101011010100101
01011011100011010001010010000110
01011111110011100000000001101011
00000001000010100101110101110011
00101101101101000001111000101111
11010010100010011111100000011111
10111010000111001100100110001000
01111111001000001100110001001111
01100111100111010011101100011010
00110101111110010001110111000010
00001100100010011011101100000111
11110000110011110001000110101010
00001011001111111100111101001101
00101011111000001111110100100011
11010011001111000100101100011011
01010000110000101100111100110101
11100000100111000100010110111100
00011101100101100101111011111110
11110001110000110011111111000100
10001001111110100101100110101111
11000100011011000110111111011101
00001011111100111110001010001111
10011101011100100101111110110000
11001001111110011101001101110111
10100010001011000001001111101010
01101011111011001101011000100010
01000011011010001000100000100110
11010010001100111011001011000101
11010010101110100101110101011000
00111100100011000111001010101111
00101001100011111101100111011101
01011001000000011001010100001010
01101100000000001101100100010011
01000101111001111111000110001110
11100010001001001100110110110000
11011000001011111100001011001111
10001001100011111111101101010011
11001000011100011000011010100100
10010011110111010010010011111010
00011100111001011101000101011001
10000101001111000010111101110101
00100010101110111001101100010101
01010010010110000001001001010111
10010001111111011101100001101000
01110100010000011100000000101101
11110001100011101001101101110001
00010111100010010111101101010110
01011001001010101111001100001010
00001010000100111010000001101101
11000011001001110101000111011000
11010110101000110000001111101001
00001010010111101100100110111100
10110011100111111001001000010000
00011010100010010111101101110010
10111001110110111011100100001101
11101110000001100111010100000011
10111111100000110110011110001101
01100110000000001011101000011110
00101100001100101100101100001010
01101010111111101110000011010000
10000100010100100001000000110101
10100000001101010010111100001011
01101110100010110000011001010110
01010010011000100100010101000100
10000100110011000001101110001001
01100010010000000001100111101100
00100011011100001011011100000011
11001000111000101100000111100100
11010000010010110000000010010000
11111111011011111010011001111000
11001101010100001000000110100001
01101000000111111100011001101110
10000111100100111010010101010000
00101001010101100100111111110100
00110011001100101000111011011000
11010100110001101101101111111111
11010101110001010001111011000101
01000001101101100010101000011000
00000101110011100110011010111111
00001000000101100100001101010011
00101111100011001001000111010111
00110110011101001111101000100100
00000011100001001110000111100001
11011101010011110111101100110101
00110001101110001101010000000000
10010110101100111000000100111010
10010110000100011010010010010011
10100011101111010001000100010100
10001000100101001000101100001101
10110011111101111111110100001010
10001000111000011011101001101000
11110000001010111110000010000010
10111010110010101100101100000010
01011111011001010000001000001010
00110011110110100011010010101010
10100111110011110000101101000110
00001011011100100001001111110011
00000101111010010000100111110001
01011000000001010111101000110011
01110101010101100011010100011011
10100010010001000011011111100101
10100001101100011000111001110111
01011001100011001101001111000001
01110100110100101100101000100101
10111011000110101000010101101001
10100110010011001111000010101000
11000100010111111010011011000101
11111000111100101101110001110000
10000100000001100001011110011110
00001000111100100110011111111111
10100100011110001110110001101111
01010000101111111100111110000000
11110101001010111101001100010010
01100000000100011001101100011001
01111100000111000100011010011010
00100100110110110111100110111010
00001100001101010011001001010011
10100101100111110001111000100101
11110011011011000011001011111001
00011001101000010010111001011100
01110000001000001110111101111111
10110011111110110111100110010000
10111000001011110000010101111010
11101001011100011001111111111101
00011111001011110101000010010100
00111000101001110100010101001000
00100000000111111111111110111001
11111111101101001111001110111001
01010000000100010100011010010101
11110011010111100101001010100100
01111110101111101111000000101000
01110100100010010001001111010110
10100010101110001011000110111101
00111000111010111010010010000000
00001010011111001101000111011011
10101100000001100001000010011101
00001101100100011011100101110011
11100100010101111101001001100101
00100000001000111111010001010100
10000101101110011110001111110101
01111111110101001111111100010101
00010100011101010011110101000011
01110001100101110000111011010110
11001000010100100000000101001010
00011000011001001011100111101110
10110100111111101100000001000111
11001110010111101111001001111100
10101010010010010100011100100110
00111001110110011001010101001001
01000101000110111101001000001100
01101011111010010110010001000000
01111011011011111000011001100101
01011000110000111110101111001010
00011011111011000100000100010010
11001111110110011101010010001100
01000100000000011111010111010110
10011111000000111111010011100010
10001001101010000110001010110100
10100101101100100000000111110111
11001111000111111100010010100110
11101010110011001000001101010011
01011110001101000100101011011111
00000100000100010110110111110101
01000111100001001001111000010100
00000011101110010001001110101010
01100110101010100010101101001101
11111101111011101101011111000110
11100101111000010000010001010110
00011101111010100011000101100111
11101110010011110100101011011000
01001001100101000011000101100110
00111001000011010010001100010110
01100011010010000011011010100101
11001110011000111101110101001000
01000010100011011011011000011011
11111000010011100001111101011110
10000110111011101111110110011010
11101101000000000100001000111000
00000110010100110001100011010010
00010011111101111011111110011110
11110111110011110111000101101111
10010001000111101010011010101010
00111000101000010010111011101100
10011011001001001000010111001010
11110110011000010011000111001100
11111101110010001101001011100010
01001011110010001101100100100110
00111001010111100101101110001111
11111010001110101010101000001110
11111111010111000010001101111010
00110011110100101100100110111110
10101101000001100010100001000111
01011101001000011100110110110000
11110110001100100010000000011111
00111011110110110111101011011110
00011011110001101000111101111101
11110110001100000111011000010011
10101110010100000101110110000000
00110100110100101010101010001010
01111101001111101101101111000010
10100000010110000000101011010010
01111000011111101110110110101000
00011001000000111110010101001101
00001010010111101111100101110010
10101111011100111011111111110111
01001011000011000000101100001001
10100100101011111111000011110100
10010100001111101000010111001000
01101110110111100010000010000110
00010011001111000101000001010001
00100111011000110111101011010110
01101111010000010111001111100001
01000010100111100110000010110001
11000100010000110001100110011011
00000000111000100110000010110111
10111101101000010000111001011111
00111011100101010110101011100011
00100110100110101001100101100110
11111001100010011110110100011011
01111000100001000001010010101000
11010001000100101110111111111000
10010010011100000001011111111010
11110100000111101001000011001111
11100010111111110001110100010011
01000001001011110010000011001110
11011111111110110000111110011101
00001010111000100110101100101001
11111001110100011011101101010001
00010011110111011001011111011110
01101000110111000000100000010001
10100101100101101000010011111000
10101111011110011010001101100111
01010011001111001010100010110111
10011110001101001110110100011100
01110010011011001111111000000100
01000000101100000110101011000101
11001110110010011010011111100011
11110100010101100110000101010100
01100010010110111000110110010010
11101001010110101011011001001011
00011111000011101011100101110001
01100010010111000010101101011111
01110001000110111100100111000011
01000111001111111100100000000111
01010110100110100011001101010010
10000010000001111100001100110011
10000001011001110111000111110011
11010010010000110011001000110101
01011110100111110001100101101011
10100111101001111100101111101101
01100111101101100010010001100101
10000001000000001100001110000011
11010101110101110011101111111100
11011011010000001111000101010000
00110010010100001011000011001110
10000100001010000010011111000010
01111111000100011011011101000100
00001011101110001110101101011101
00001000100011111101011001110000
10110100001111000001001101010001
00000011010110001000100101110000
10010111010010101100000110011110
11001000001101010110110101100111
01110000011111100100001100010000
10101110110100110100010001110101
01101001110000100100100000101000
11101010111111010100001010101111
01100111110010110010110001001010
11100001110010000101110101001101
01100001011001000011000111101010
10010001011110110000111000011010
00001010001011001100011000110100
01010111010101110011111011100000
10101111001000001110100001111110
11011101011101001000010000000100
01100110110111101010111111001100
01000010000101001010010001000011
00001011001110011010001110101100
11011001000111000001010001100101
11000010000110100001011000000010
11101110100101110001111110001111
11101000110100100001000110101001
11011011100001110011010100111000
11010110001101000001000110000110
11011001101100010011100110010110
10011101100001001100110000011111
10000000101100000100001101010111
11110101010101001110011010110011
10000111011000000100111010110100
00111011100101001000100111011111
01100001110000010011001011010101
01111110011111001001110111111101
10000111100011100110101000010000
00010110001101011011010000000101
10000011101100010110110011001011
00111010101011011010110101011100
01111010100001110111100010100111
01011101001110001100101000100100
11011111011000111110011011101110
10101100100101001110111100111110
10111100110000001001011001100011
01010101011101111000001001001010
10110010111110011100000110011110
10001110000010011011110010011010
11010110010000000110101000111100
01100111011110111000100000111101
11001010100100011110101000000011
00001011110100001101100001101000
10110010110111010000000000110011
10111010110110000101011001100010
00101000111101101000011011110111
11101010110000110011111110110110
10010110100110001010100100000101
10000011010100111101001111001100
00000011110000011100101101010111
00010011101000100010100111001010
10010101111000100110111001010101
10110101011001010101100101011111
01000100011000100001111011000011
01010000000101101101000101000110
11000000010011010011110100101000
11100101000011011110000111110010
10110010111100010101110000111110
11011010100001110101010001100110
10000001011011101110000101001111
01110110000100111001001001000111
11010110101011010110011110111111
00010100100011100001011001100101
00110000101111000110011000110011
11110001011000110100011110011101
11001110110000110101000010000011
00011011111010010110111110110110
01100111111101100100111010010001
00011101101011101011110000010111
01100011000101011100111011011101
00001111010001100000011010110110
00100010101001111111010100000000
11001111001011111100000001000100
01101000101111110000111010011110
00011010110000110000111000001110
00010011001110000111101001001111
10111001110010001111101011101101
01001111001101010111101000011100
11000001101011001101101000110001
11001001011001101100111101001010
11110110101011111001010001000010
10010000100110111011111001101111
11101101000110011101011100000110
01000011100100011111100000000100
10011001110010001001110110011100
10101111011011110011011000111000
01010111011100001001110111011010
01011110101000010010111111001000
10001110101111100111100100010001
00100001000110111100000111011010
11101101010011010111001101000011
01101101010100101011001101011011
10011110010100110110101010001100
01100010000110010000100001110010
11101011000111011000101001110011
11000101011000101111111011111000
00001000100111000001100101101111
10110011011011010111110001101110
00011000110001101000110110010011
10111100000111111100101010111011
00101101011100110100100011110111
11001111101111001000010001010011
01000001011101001100000101010111
10100100111011010101100100011000
01011100110011010011111010101110
10111011111100011011000100001001
00100110101111111110011101111111
10000111110011101110000000001110
01011110000001101001001011010000
11100011010101110110101011101110
11110110111111100011000110101110
11100010111011001111001110001110
10100111101100110010101011100101
10110110101010010100101010111001
01100111010000010001011101010111
11010111000101110111000010100110
11000001101110001010001011000001
10110100011010000010000000101111
11110011111101010010010110010001
11100101000001000100100010111011
00110010011100110001110110000000
01001100101011101111010010101100
00010000110100110000100011001101
11010011000100111110100001100110
11100010111110111011000111100111
10111110111100111000001111001111
01011101011110001100010000111000
10100011111000101000101010000101
10110110000110100101010000111011
10110101111110000010011011100000
11011111110011011110000100000101
01000001100101101111110001100001
11010000000010100111000011000111
00001110001011100100111010001001
00010010011110100010100011100100
01010100110100001100100001110100
01010111111010010001000010000101
01101011110111100110001011110110
01010110101110011111010110001001
11000000001100100101111101010001
00011011011110110001111001001111
00010000101011001100010101101111
00100111010100010111101101110111
00001001001001000010110001001110
01010110111011100011001101010111
01010001100111100100010100110000
11110101110110110011110010010000
11110101100111001110101010010111
01111110000101100101000000111111
01001011110010100000010000000111
11001011000101000101000111110100
10101011011011000111101110000001
11101110110001101111000100000010
10101011010110110001100011001010
11111010001000011101011101111011
11110101001001010111110010000001
00110101010011101111010000100000
10011011100111010011110101000000
11100011001010100100100110111110
10011100010100111010111110110001
10111100111010101011010000000000
01010110011000101110110000011111
10100101010011111010000101101010
00100110011001110001100011000010
00011110001101001000101111111001
11010001011000111000010011011111
01000010110011000000001011111000
10100110100111010010110110111101
00010100100100011111101001000001
10110001010000100110101100110110
11001010000111111110000001011110
10001010000100101111111001101001
10001001111100110110111010111110
01011111000000110101001000101100
10010011011110000010100111010110
00001010011111000010000111101100
11001111010011011000001010010010
10101000100110101011000010111011
10011101101100101010111000100001
01000101000000000000010011000111
01101000101010100010000110101111
11001010010000100010001111110000
01100000011001111101001111011011
11010011110010101011000101001101
11001010000110111000000111111010
01101110110000111100101100011111
11010100110000000110101010000001
10010000011010110001001101010110
11100101010010100000110011101110
10111110111001010010000011100100
11000001101001001001011000000010
01111001001110110000100010010001
01000011111101101100101100111011
00010000101011001101100000111010
11010100011100110001011110100001
11110010001110011001101101110111
00000110111001000000010100001100
10010111101111000001111101000101
01011111001001101011010100100000
10101110111111001000100100100010
00110011010100100000101010111101
11001111111110110001010001011011
11100011110000000001111011110010
00010010101011011111111011011010
01110110100001011011111011110010
01110110100010011000101110010111
10100010011101100110100111111000
00010110000011111110011110101110
01111000111101111110110111100001
01010111101011010111110000010100
01111011110000111100100100110101
10011100011011010110101000101001
11010111110111010111001111111010
11001101100011001010000111111101
11111000111011001000111111011101
10110011111010010110000100000011
10011101110111111101110100100100
11001100011100101001100111010101
00001110101110110111100100000010
00001011011010100100100011010100
11101001110100000100110101011110
11101010100110010010010010001011
00100101100111101111100000111010
01111101011000100100100101101111
00001000001001011111100011011101
00111110100101000101010001000010
11011001101101111010000000101101
11100010110101110000111100111111
01010001000101101111011000001010
00011110100001101011111110001010
10110011101110010111110100111100
01101110100000001010010111010111
11110100110100001010010100000001
10000100000010110000110111110100
11010100110000101011000110001010
00011011011100011000111101001100
01001011010100001010010100010010
10110101101111000010011100111011
10100110011010010100111001000010
01101000101011101101001000100011
00101101001110100011001011111000
00100010111010111000110110010101
01001101100110111111101011000100
10110100000101101101000001010110
11011000000100101100100000101111
11101110001101100000010001100100
00011101001100010100110111000101
01000011011001100111000001010100
01101011101010000110100000001101
01111011001110111110001011010010
11101111010000001001110111011011
11110001111011101010010111000000
11000011010100010100001001011110
01100010010010110011101010010110
01111100101110000111010111001010
11000000101111011111011011010011
11011010001101110110000111101111
10111000110010111001011001011100
00011000100101000001011000110011
10010000111101111101001110001010
00111101100110001010100101000100
01000100101010110001100011000111
10000010110011010100000011100000
01100001101101011100110010011001
01001001001110010000010101110011
10011110011101001010100110110110
11010101010001100100111000100010
10101011010110001111000101101001
10001011101011000110000001110110
11101011100011111111100000111011
11010101010000011010001100001101
00100000000001001010010000101010
10100000100100001110110111000101
11000001101110011000011111001111
10111011010000010000000101011100
00000111101001101110101101000001
11100001100010001011111011100111
00010111100110000100010110011111
11111111010010001010111011010110
01111010001000100111100011110111
01000000111010011010011100000110
10011110010001011110010011010111
00010100001000010011000011011111
00100010010111001010001000001001
10000010001000001010000101010000
00110101111010100111000111111100
00010010011011000001001110000111
10001100001101010100001100010110
00000010110010110111110110000011
01010110010010011000001101000001
10101100001100101001110111110100
00001011100010110000110101000111
00001011000001010011101001110000
10000001011111101101010010011001
00010000011001100101001010111110
10111111001000010010101110100011
11001011001011011011000000000101
11111101100111011001101100101100
10110000001000100010111110101110
01000101111001011111111101001000
10011011001000000010011101100101
00011001111110010100101111011001
00000011100001000111110101011010
11111100101011111110010101101100
01000101000001101011001100010010
00101011111100010000110110111010
01001100011101101100010000010000
10111111100000111111001100001010
10111000001110000010000110011011
10000010100001111000001101001010
01001001101101000110001111110000
00000011100101000011111010000010
10100111110011111101011001100011
00000010100001010110001010111011
00010011101000101001001111000011
01111011100101000000011100011001
10001111101111000111010110111111
00000001101001100010010100011000
01111111000001101001000111011101
10001100100010011010110001011100
01111010110110010110000010110111
10000010000000101001010101001010
11100101011000010101111001100101
10000101000000101001000010001010
11110110001000110100100011101110
10010111001111101111001010000100
01010110110011010000000001110111
10101100000001010011101110000101
10111110100011010000011100100101
01110010010011101010111000000001
01100010101000010001010000000010
01100101101100010110111011111000
00110101010111000111000001111110
10001000110100000010001111111011
10111001101111101010101101110111
10000011011010100010100001001101
00111110110101011101101101010001
10010100010100001000000010111100
01100001011110010111001000001011
10000110110100001101011010110011
01011101011000111101011010001000
11101101000100011100011110100110
01100001011101010100110100100110
11100101011100100100100001111010
11110101100101111100101011011010
10101011011111010110011100110000
01101101000110101100000000000011
01010110001011001010001101111000
10110110110111011001011111110100
11111111110010111110110110101100
11111000000010110111111001011011
10101001011011001101001111100001
00010000101000111110010100111000
11010111010011010011100100101001
01101001011110111101011000011000
10111101000011101110010010100001
00101011100010010001011111100100
00000101101110010101000110101010
01010010000001000001100111100000
11010011011010000010001001010000
10111101011010100110111010110000
11011100011001110000100110011000
11000011101000010110110101110100
00001010011100100111111011000110
01000011000101011000000011010001
00111010010100110100010000100100
11111101100101010001110100110000
11011111101001001011010000011000
11110110000000001100000000100110
00100100000001110011011101101000
10111010000011110111010101110101
00001100110001011100100011101101
11111010000010001010001111101100
01100010101111000110100000010010
00100011101000001001000110111001
10001100000111000010010010010111
11001000101100001011101001100100
10101011000111011001111100110010
01111011110010110100101011110001
11111000111010111000100000100110
01001111011101001110110000001000
10110010101110100010110111110000
10101000101000010111011011010100
11001111001011011111000010110010
10000101110011011100000110001110
11111111110101000011001101010100
01111101011110110100101100000001
01100000000001111101101011001000
11111111110000001010110111111110
11010010000001011001011001100100
10010111001100010101100001001101
01001010111101001010110111100111
00110011100100001001110101101110
10010110101010110001011010101101
10010101100100011000010011011001
00110100101111011001011101100110
01010101001000101001011010011010
10100101001011101001111111111110
01110110101001111100010001110101
10111010100000101100110110101011
10101001101010010111111111111110
01000111010110100010011001010000
00111010110011100000100001011110
11011100010111101011000111010110
00001011101110101100001101010101
01010101110011100011100100110101
11011101101100100100001001110100
10110110011100011101001000000110
01010001000111110101010111100000
00010110001011001011100000001010
00110001101101011011011010110000
11000001110001000100111110111100
11011111101100111000100010100101
00000011101100011101110000110101
11110000111101000000011100000110
11110100011111110110100101110110
01011000101100010111011100101000
10110100001100001110011000100011
00100110100001100101101000000011
11111001100100110111010110110000
10100110100110001111100111011000
10001110001001100001000111000011
10111101101011000100001010000011
00111001110011111101010111100110
00000110011010111101001101100101
11100110000101000010000000010100
11111110111100001100000111010011
11101100100100000001001100001010
00001010101101110100000110111011
00110000010101111001101110111111
11011100101110000010011101000011
11001111000010010101001100110100
01110111010111010111010100101001
11001101001011000000110000101001
11011100010111010101100001110011
11000100111011011000100111010100
11110111111011000100011111111000
10110100101110101011010011100111
00110011100010110010111101101100
01100011111011011111110001001010
01100110010100010110110100001100
00000011010110010110101100111111
10011001001000110000110101010000
01101101010100110001011001010001
00110101101011001101101110100100
10001001101011101000010001100100
00100001011101101011010001101000
11001001100000101111010110111011
01011111101110101110100001010001
01011110110110111001011001001000
10100010001000011100110011001110
00101010010011011110011111111011
01001001000000111001010001101111
00011111110000110101111110010011
11100100001101011001011010101010
11000001100100100101101100101111
11110010010110111001101100001000
01100000010000000101001100010101
01011110110111010111111011001110
10011010100101001001111100001000
01101011010101000000110101100110
10110010111111101100111000111100
11011011001010011100010101110110
10010100100110001110000100101010
11100010111110011001111100011010
10101101000000010110101001101111
10100101101100011110010011110001
00110110000011101110101011000011
00111010000001101010010110010110
01111101100110110000010110111100
01111001100111000000100001001111
10100111011100000110010011101110
00010001100101011111000010111110
10011000010001110011010100101110
11010111000001111000101011000000
00011110111110111011110100001110
10001011100000110000110010101100
11111100110001000001100000001001
00001001010010111110111000100100
01100001101010110111011110011001
00100011111100101110011010011100
00000000011110110000101010000010
10010011000101000010011000101011
00101111101010001000100011101010
00100000010000110001000011110000
11100001100111011000101110000110
10010100000100101101101101110011
11010001000101101001010110110000
11000000000101110101000111010111
10011000010000011001101010101011
01000000010010001010010100011110
11100011110110011101010110010000
00001000111100110111110101101010
11111100110011111100111000110001
00110000101001000111110110100001
11100010010001010100010001000100
01101100110101001010000101011100
10011011011111010001001111011101
10100110111111110110001111101001
11010001000111010011101100101010
10111000001101011100001001110110
11110111111110100001011110010010
00111011001100010000111100101000
10001001101000000101100000100000
10100010101111000001000110110100
11000001100000010011001000110100
01001011111100100000000010010101
11010010011001000011100001111100
01010101110010000000001110111010
00100001100110110000010111100100
00100001000100110000111001000001
11100001000011100111101010100111
01100010101011011101100101001000
00000000111000011110100010101110
00101010101110111101010001100010
11000110110010110001100100010010
01111111100010110100011110000010
11011100000101100110111011111000
10100100111000101001101000001110
00110001001101101111110011000100
01110000100101101010111010011001
10111101100100000100101111110011
01100110011110001001111110101001
10101110101111111111010000100101
11000110101111010010011111110111
01100000000110011001111011100110
01100001001001000111110101011010
11100111101000011111101001111001
01101101001100010001011100110011
10100010000100110000000100010100
01001100111111111000101111101111
00111000000111000101001101001110
10101100001100000001101110010111
11001110100010000110010111001001
00001100010010111110110101101000
00001001010001111100111111111110
10111101001100001101101100111000
00001101100100110000000101111010
11110101011001101001011110111001
11000010000011110011000011010110
00010101100110110010010101111100
10010001001001110100101001101001
11101110010000011111000010110001
11100100111101110101110000110111
10100010000011111110110011111010
01011001100101001000100110010010
10110011011000011000000100110101
01100110110100001010101110101101
11110000101100100110100101010011
11011111010010101001101000111011
11101010111101101011010011010011
01010000010100111110110100010101
00100110100001100101000000010110
00011011101111001111011111111011
11101111011111011011000010111100
00100000111010100011101110001011
10010011110110110110001011000100
00111000001001110110110011100110
11101010110111011001011001001000
11010110110000101111001011101011
01101111010100111010100111001011
01000011111000111110111110110000
00110110101100100111000111001001
00010001101001101101110111100101
10000100001000100111100011011110
10011010010011100111010100001111
11001001110100010001011011111000
00101000000011110101100001010111
11011100110010111001111100101000
00010011110001001100000110001110
00000110101100011011111101000011
01000101101101001110011011000000
11000101010000111111100011011110
01100111000110100001100100010011
01110101001111001110110111110111
10101011111101100010100111101101
11001010010110001001001010001000
10100000110000000110111001001011
00110010101110101001000100111000
01110101010001111010111011110101
11000000111111100101111010101111
11001001111010000111001011000111
00100101011100111100011010100010
10100010100110111111001010111001
10111001111001110011100110100110
01101100101000010110101001101101
11001101110101111100100100010011
01011100110101100001100101111111
00101011100111100000111111011000
11100000101111110100001100101001
11001100011110011010100101101100
00111011111010110111111110011011
11001101001000010100011111011001
01010111001011010110000000101101
01000100010110000110011000011010
11100001111111110000001000011011
01001000110010010001010101110100
00111110010111000011111101110010
11101000011010111001100111110110
01010001100011111001011000110110
00101111111110001001000001011111
11011100101110010101000100011001
11100011010010011010011000001100
10011011011110111100100000010010
11111011111111011100111110100111
10010100011110011110111011110100
11010100101101100000101110001011
01011101100001010001011110111000
11100101110010010010011110001010
00000001010100100010111101110001
00110010110110100000100011011000
11110011001000011010010111011101
10101101111011100101100000011011
00010100010010010100000100000100
11000100111101001001001111001011
11000011010101010101000010101101
01110000011011000001101000110101
01100010111000100011011111001010
11010010111000101110110100100011
11110001110100110000101110000101
00001001100111111010000100010010
01110011101001011010001010011101
11100110011001001011111110011101
01101100101001011100101011001000
01111111111010001110101100000001
11101110111001101011110111010000
01101011000100010010101110101110
10000100101010011110110100101000
00010111100101101111110001100010
01011011111001101010011110010110
01110110110001100001101110101000
11110011111100010000101100010011
10010110100001111110000010011001
10010101110110000110001010000100
10000010101101001110111001100000
01101011110010011110111101011011
11000110011000011100110010010010
01001111101010101010100110100110
10101000100001101001010111111101
00100010001111011011011000011101
01000011100111111001000110110011
01100110110110100111100101000000
10001101110000111011111111101110
00110001010001001001001100111110
01001000001011000101110110100011
00000011100100000110000000000100
01111110100110110100101100101111
00100000101011001111110100001111
00000110011000010011000101010011
10100010011001110011100110000111
10010101100110001110011100001101
01101101010111011111010100101010
01110001111111010000010100010000
10101100110000001111010010011111
10111001110010000100000010010111
01000101111010101110000010011001
10010100111110111100000101100111
00001111001010101010011000111011
10100111001011101110000011100010
11010111000111101110011010011001
10011111100111010110101111000100
01011111100100001001011101100011
00100100001010100111010111100000
00010010110110010001111001011101
10110111011111111101110001110111
10001101010101101111001111000101
10011000110001001101101101001011
00100101111001001011110110111101
01001111101100001101001000010100
01101010000111000011101111111011
00000010010010110111111001101011
01011111100111110010110100010111
01000111001101111100000010010000
11111010101011010001011110101100
10100101111101111010111110110001
10100000100110111001011011111100
01000001010011010001011011100010
10010100111011010010000011100001
01011100101000101111110110010000
11001101011101111100100101001101
01000000101011101000011010101001
10001011010001110100011100110100
00110110000100000101000000101100
11011110001111111011010101100011
11000101000000001010011111000001
01100101110001101010100010011001
01011010001011010010100011010100
01111000111011100001000111010101
11001101010000001000000100110111
11101010001001111101010111111111
01011000100110001101100010000001
00101011101000010101111111101101
10011001111111001000111010010110
11111011101001010010000011011010
11000110110101100111100001011011
01000100110100011100110011101111
00111100101011100100001100101010
00001111100100100001111011000000
00010011001100101100101100010011
10011111000111000111011011100101
01101010011001100001010101011010
11000110010010111010011111100000
01111011101101010101110010010000
01010100111000000000110001000010
00100100000110100101010111011101
00000000001010001001111101000110
10011111010101000110001111010001
00001010011001001001110101110011
01100001001001101100100011011011
01111100110000010011011111011010
00001101110011100101110010010010
01100010011010001100100110011101
