1101000010010001
1110011111100001
0010000010000010
1110100111010011
1010000111100010
0001100011111000
0100011101001011
1000110000000000
1111010100011111
1111011100000010
0010100001011001
1111100001111000
1111010100001000
0111110001000001
1100110011011111
0010010001010010
0110101111111000
1110101001101101
1100101011001110
1111010110100001
1010011111011110
0000100100100100
1101100101100000
1110111100011010
1010110111000001
1100000111111011
1011111000111101
0110010001101000
1010011111001101
0010101111010010
1011010010111111
0000100000100110
0100011011100100
0000101111010001
0001100011011101
1101001011001110
1011000111100000
0101000100101101
1111001101000001
0000100011010001
0111000001010001
0110000110101101
1100001111111000
1100101110010010
0010111111010110
0111110101100001
0111001000010001
1010010101110100
1011010110011000
1100000100110011
0100011010101001
1010111000000000
1010011110110100
0010100110100000
0001111001110110
0111111110010100
1111010110110001
0101011100100011
1001010111010100
0011100101001011
1100000001010011
0100000101001101
1000000110000110
1011001011110110
1110010000010010
1111010110010100
1000110000010110
0010001101111100
0010011000111000
0100000111101100
1101011100111001
0100000100011000
1101000001110100
0011111001010111
1110110111100100
0101100110011000
0011001001010100
0100000001000111
1001110110110101
0111100100101001
0101101000000110
1101010010110001
1001010111010011
1000110010111010
1110101011001101
0100100100101100
1100000111010111
1100000011110100
0110000101100100
1001000101011100
0001001101101011
0000110111001111
1000011111100010
1100011101110111
1110111100011011
0010000101000001
1001000110011110
0111100000101001
0000001100001100
0101011001001101
0010100110000100
1100101101010110
0100111110101011
1000011101001101
0010101001100111
1001101000011011
0100001101010010
1010011101110001
1011000001110000
1011111110000110
0111001101010110
0001010101110101
0011101010011110
1110100111010000
0010011100000010
1101001101101000
1000100111010000
1111111100000010
0001010000000011
0111000101010011
0001101101001101
1111011000111110
0000000100101111
1100011001100000
1101000100111010
1101111001100010
0001010110011101
0110011001011000
0100001010000110
1100110011010001
0110111001110001
1110100100100000
0010111010001101
0100001110001000
0010010101000010
0010001011010101
1101111010001001
1001010001100111
1000110011000011
0010010100011011
1101101001100000
1001111100111111
0101100111011000
1000001101100100
0110011011011100
0001001101110010
0011110101101011
0001111110010001
0010111100010100
0011110101101101
0110101011010010
0000110010110110
1110011100011000
1111000111011101
0111110110101001
0111110100111111
0101011001110100
1110011001101001
0101111010000110
0001110001110111
1100011110111110
0110001111000101
0011110111011111
0110011101100110
0001100010110001
0010000111001001
1111000100101010
1111010011000101
1001001101000000
0000111101001101
0011110000011010
0101101001101000
1101001000111001
0000001111110001
0000101100000011
0010101101000010
1010011000101100
1011101101010010
1010010111010010
0111001101101111
1000110000001000
0100101111011011
1011111010100100
0011000001011111
1010111111010000
0010111011111010
0101111001010101
1010000000101000
1100011110111100
0001010011000100
1110110111101100
1100011010010101
0111110010011110
0110111110010100
0111001001100000
0100111001101100
1000001000101101
1000001011000001
1101000101010000
1100101101111010
1010010011110010
0110000011101100
1100111111000011
1000100001100111
0101100111001001
1111000001100010
1110000000111101
1000110011010111
1001111101011010
1001011001001000
0011010100101110
0100110100011110
0111100010001110
0011101100000001
1101100000100100
0011000111011100
0011100111010110
0010101110110011
0011101001001000
0110111110001001
0100111110100100
1110110001100010
0110111000100010
0010111101010000
1110011110100110
1111101011010000
0111000001011001
0001110001110010
0100001000010000
0110100010100001
1001100001001011
0100001100100000
1001101001010011
1011011000010010
0011100011000100
0001111000001111
0100101111110010
0101000110011011
0110110010010110
1000001000000011
0001010111100100
0100001100110010
1100110100001111
0000011101111010
1110110111001001
1011101011110110
0111110100010101
1001010000011010
0011110010111110
0111010101110111
1111011010001100
1000101111111011
1000010101101001
0011101101001001
0111110100101000
1001111111000010
1010110111011011
0110010101000000
0101111000010000
1111110011101100
0000100110101001
1110001010011010
1110100111001101
1100101111010010
0001100101000101
0100001100001001
0101010111011001
1010111000000010
0010001011110101
1011100010100010
0001101101010100
1010011101011100
0111111010000010
1100011101101111
1011011100001100
1110011101011010
1110010000010011
0101010110001011
1011001011100001
0011001010100011
0000011111010001
1011111001111011
1000000000000001
0111101011011100
1110011110011011
1001110000100000
1001111000011111
1101110000000100
1100111000110100
1001001110100100
0010111011010100
0011110101101100
1110001011110010
0000011101010111
0111110101101010
0010101011111101
1111101010001010
1011011001110011
1000000000011110
0111100010011001
0000111101000011
1010111010010101
0000101011011100
0001001001001010
1000010110001010
0001100011000011
1101000101110010
1101000101001010
1011100011110001
0010011001011101
1010100011011011
1000010011000010
1111100100010100
1010011000100100
1100110011100010
0111010000101100
0110111010110001
1101001101000111
0001010101011110
0010001000010111
0010110001100011
0110010000010100
1101010011010101
1100110110101001
0000111101111011
0110011000110101
1000011011100001
0110101010110011
1010100000100111
1010000011000010
0100101010111111
0110111010000000
0000001111110110
1111101111101011
0010101011001011
0001101100110000
0101111101010110
0011001010110111
0111110101011100
0101011011101001
1111001110011110
1110101110011010
0000110101111100
1011110011100100
0100010011100101
0110110000111110
1000110001000001
1111000101010111
0110101011110001
1111101110101001
0100110100101100
1011001101111011
1010101010010101
1000101000000100
1011001010110111
1010101010100001
0010110110011010
0010000011000101
1111111111000011
0010101111001110
0000100001011000
1000111110101010
1110000111000010
1010101101001111
0011000011000000
0101111001110001
0111010111110010
1111101101001100
0010100000001010
1101101100000011
1010010100001111
0110000001010011
0011000011100000
0110110110100001
0111101101100101
0001111011100000
1001011011101001
0011100111100111
0110001001110110
1001010100111110
0100000001110110
0100101001011010
1001110111111001
0100001111101001
1101001100001010
1111101110001111
1011101011110001
0101100000001000
1001010110000101
0001101110010110
1110100000000011
1110000100110000
1101000101011000
0100001010111111
1001100000100111
0000010111000011
0110110011011101
0101000000001110
0010100101010111
0010110111000011
0110110001000010
0001100000011111
1001100100111000
0111100010001110
1011001000101001
1011001100101011
1010001101110110
0000100010011010
0001000110011101
0101000111010001
1000011111100110
1010011110001001
0110100001011001
1101000111101010
1011011111100110
1111011111111001
1000100000000101
0101001100111100
0001101100001010
1001110001100111
1100011101011111
0110110001100111
0001011101000000
0100010000110111
0010011101010110
0100011111101111
0111000010101001
1000011011110010
0111010100011001
1110000000011000
1000010010011111
1111000110010001
1010001101000000
1111010100101011
0011110110011110
1010110100010110
0100101000000000
1010101111111011
1011000111110100
0001000101100111
0100000100111001
0011100101011010
1010101011110111
1101100000101010
0101100000101110
1100011111010000
1010110011100010
0000000110111000
1001101000100111
0110001100000011
1110101001111110
0000000001001011
0111011001100011
0110110010100010
0111010111111110
1100010100101001
0101001010001101
1100100011100100
0111100010101010
0000100100100111
0010110100000110
1011100011000101
0111100100110110
0010011100011000
0101011101010011
1001101101111101
0011000100010110
1011110100001001
0011111000101011
1110101011011100
0100010011100001
1100001111110111
0011000001001100
0100100110011001
0001011101010011
1001001110000010
1010111011110000
1000101111101101
0110110011111100
1010010011111010
1010010111001010
1010110111010100
1010001011000010
1111000111110110
0011010101111100
1011010110010011
0011110001111001
0001111010010000
1001101101111000
0111001100111100
0111010101101111
1010100101110101
1100010100110001
0101100110100111
1010100101111001
0110101010001001
1101011110001000
1101010100111010
0100000110100110
1001110100001011
1001010100001110
1000101001101101
1101111010110100
0100001111001000
0101000101101101
0001111010000100
1111000010011000
1010010101000010
0111101010111110
1010001110101010
1000101101110010
1010010110110110
1000101100111100
1011100010010110
1000010111000010
1111111001100011
0011011111111011
0001101100010101
0001110000010101
0001000001000111
0110011110010010
0111001011001000
0101110110100110
1100001101110101
1010000010111101
1100010110100000
1110111011001111
1111100100000101
0011000100101000
0010001110001101
1011001000111110
0001100000000100
1000011010000000
1000011111000100
1101110001110011
0111110000011111
0110010010111001
1010101111100010
1011110111000011
1000010100100010
0101100100000011
0010011001100110
1001011000001010
0100001100011011
0000101101100001
1100000101000011
0011111000100111
0111000101000001
1011000000010011
0101101111110110
1011110010000000
0110010100001011
1010111011110100
1011010000111100
0111000100111010
0000010100000011
0101010010110011
0110110010011111
0100010100110000
0011001001110010
1101001001011100
0110111000001111
1110001101000100
0110010000100100
1100010011100100
0110010110010100
1100111011111010
1100000101001100
0110000010011100
0011011101001101
1100101001011000
1111001100000101
0101001111011011
1010101111010111
0111000001001011
1101010101100000
1100010011010011
0010101011010001
1101110010101010
1111110101101000
1000001110110001
1110001001100000
1001011010001000
0010011110011101
0011001100101010
0110100000101110
1011111110101011
1101001101011001
1100101000111011
0101000110001010
1000100010111000
0001011100000111
0001110010011000
0010001011100100
1010110110111100
0111111011000011
0011000010010000
0111111010111000
0010010111001001
0000111000010010
1101100111001000
1000111110000000
1110110111111010
1011001001011000
1001010100110001
1101000010111101
1110000100000111
1111110100101001
0000000000100010
1101110110001101
1001110011010001
1111110101101101
1000011100010110
0111101011000010
1100110100100101
0011101001010011
0111111110000011
1110011010011110
1001001100011100
1101100001011101
1011110100010111
1001011000000011
0011111100101001
1010101010011010
0001010101011111
1010000000111110
1010100100110011
1011101011010001
1110010000001000
1111101101111000
1100010011011111
1001010011011001
1110110110100101
1001010010000000
0000010001011000
0001111011110000
1101110011011010
0111101111111010
1101100001001000
0011010110011011
1000110101100010
1010000101000000
0000100000110000
1001110101011101
0101110011000110
0000110010101110
0111110101010100
0011000101001000
0001111110000010
0011010010011011
0010010110000010
0011000001100111
0000101011101011
1010001010011100
0100100000101000
1000100111100001
1011000111110110
0111111111000110
1000100100101010
0111000111110111
0001111110111010
0111110110001000
1101101001011110
1101111110111001
0100010100110010
0011010101011101
1001000010100010
1010001111101011
0110101011000010
0011010010111010
1111001010101011
0001010100000010
0001101100001111
0010010001011100
0010101010011101
1001111011110111
1001001011011110
0000110101010100
1110111001100011
1011101010001001
1011110011100011
0001000000111011
1101110001000101
1110111100110101
1111110000000001
1101101111100011
1100100100011010
1000001101101100
0010110101110111
0110011000001001
0010001001001001
0000011111101000
1111000001101011
0100110100100010
0100101110101000
0101010100111011
0111011110010001
1010010111110000
0000011001110101
1101011110011010
1000111100011100
1101101010100110
0101100100001110
0111001000101110
0000110111100010
0010110101010110
1010100110101101
0101010010110001
1110011000000011
0001111000111111
1111110100001000
1000101000111100
1011010011111000
1111111111011110
0100100110110000
0110101000011110
0111011011111111
1100001110010010
1101000101110101
0001100110101000
0010110110011001
0101110000010001
0000111010000100
1000010110011010
0101010111111010
0010110011111000
0011010101111101
1110011110111000
1010110011100110
0111011111101101
1110100110000001
0001101010100000
1011111011011100
1011110001111100
1000111111010110
0010111100100111
1001100011100010
0100110011001000
0010001001010101
0011011001101101
1110010100011010
0001001001001010
0011111000010011
0000110111000010
0111000100010100
0000001101100110
1110010110101110
0011001001011000
0001011111100111
0100111010101111
0111010011000000
0001101000000111
1111111011010001
0101010100000100
0100110000011110
0000111111100010
0100110001011001
0000101111011101
1000000101100011
1100001011101100
1010000110001101
0001011100000011
0001010010110011
1100011011111001
1110011110110110
1000100010100101
0001101111110001
1101001101101000
0101011010001101
0100101101000001
1011111100001110
0000001010100101
0000110001100111
1010101011111100
1001101001111100
1000011010101110
1011101011001110
1011010100001110
1100100000001000
0100100110111000
1011000101001001
1000111010000001
0110010110000010
0000111111000100
1100011110111001
0101011001101011
1001101110011101
1011110111000010
0001101011010101
0010000010111101
1000110010101110
0111110000110111
1110001111110110
1100110010001000
1011101111111101
0000110100100100
0001001010101000
0001011010101001
1100110001100000
1111000101101000
1010111100000111
0010000111010000
1011100100000100
0001110001000000
0001111000010100
1010010000000110
0101010000101101
1010011101100000
1011111111000111
1001010101001011
1011110101110010
0011110000011101
1011110000100110
1111100001111001
1101110111101111
0001011000010011
0101110111001110
0101111010000011
1010111101011110
1001100100010010
1100101000010011
0101111000011110
0011010010111110
0001011000101111
1100010110011101
0011010010100111
0110001101100101
1000110101000001
0011101010011100
1010010001010110
0111110000000110
0010011011011111
1100100000101100
0001100111000001
0100101101000111
0011110011000100
1000011111100111
0001011101101100
0110011111000010
0001101011010111
0001110010111110
1100100011010000
0100101010100100
1001101010000001
1111011011100100
0110111010110111
1011000111011011
1100001000010010
0110111011000001
1010011111001110
0001110000011000
1110111100001010
0010111111111101
0100010000100100
1100110000111110
0111110011010011
1100010011011010
0110010101100000
0100010111011111
0000100110001000
1010110001011101
0110110111110111
0111001110100101
1001110000011111
0000111100110101
0101000011011001
1100010111010001
1011001001001001
0010000000010101
0010000101010001
0001011110100100
0000001000000000
0110110001010000
1010011111010011
1011100100010001
1000011111111101
0001101111011011
1010000110111011
0010000001100010
0010001001100001
0001100100111101
0010010001011011
0010101100010010
0011001000111101
0101000101000110
0101000100000001
0011011110110010
0100000001000100
1110010010010110
1011010000000110
1000111001000100
0010111100110111
0011011001000111
0001001111001101
1110100111101110
1011010011101011
1000111011001011
0101000000111100
0010101010001100
1001111101011011
1111110011101001
0010101110100001
0100000111111110
0110010110010100
0001001011110001
1010111100100000
0110011100000010
1111101110011011
0110011011110101
1001111011100100
0010011110000100
0110000110011111
0010100101000000
1100001000010011
1101111100000001
0101100111001100
1010111101111111
0100101101001101
1000011111010111
1101010100011001
1001100011110101
0101010111010110
0100110010011010
0111001111011101
0110110000110010
0101110000001111
1000111011101110
1011111000010111
0110110010100001
0110110111101010
0001111111110111
0000011001000001
0100101001001001
0101000101001001
1010011101011000
1111010011111001
1110111110001100
0111010100111000
0011110110001111
1100001110001110
1100001001100011
1011110110011011
1011111001100010
0001101100011101
1010111001111010
0111011010011000
0011011001010000
0001100100111000
1101001011010101
0010110011001101
0010100111011111
1010101001111110
1110010011110110
1000010000111101
1011001111100100
0010011101010001
1111010000010101
1000101001110111
1010111000000011
0000100101011100
1100111100100111
1011111110100101
0001111011000100
1000011001101001
0101001101101001
1000101111100100
0110011000011101
0110101001000011
0010111001000100
0100000101100001
0000010101000001
1110110001110110
1010011101011000
1110111010111111
0010100111011011
1110101111001101
1100101101101110
1001001111010000
0111000010100110
0100000111110010
1100000001111111
0011101010001010
0001000001101110
1100010001101111
1010101111010011
1011011100011000
1010010001011110
0110101101000110
0110010000001000
1101000011101110
0101000101000010
1101000010000101
1100101000000000
1101101000101101
1000000101110001
1010001010111010
1111001101101101
0111000110100111
0000111101011101
1101110111100011
